718965.0